12
Arizona_elegans_C9A        0.0000000 0.0158621 0.0164583 0.0488202 0.0605021 0.0547529 0.0571826 0.0821783 0.2606679 0.2576480 0.2658846 0.2792426 
Pituophis_catenifer_C9A    0.0158621 0.0000000 0.0110758 0.0455592 0.0607128 0.0542667 0.0559214 0.0778638 0.2555442 0.2513898 0.2595166 0.2693748 
Pantherophis_obsoletus_C9A 0.0164583 0.0110758 0.0000000 0.0461986 0.0605566 0.0520993 0.0572325 0.0776395 0.2542806 0.2512831 0.2594047 0.2750795 
Hemorrhois_hippocrepis_C9A 0.0488202 0.0455592 0.0461986 0.0000000 0.0604413 0.0604212 0.0623483 0.0680393 0.2521198 0.2468803 0.2549384 0.2726611 
Arizona_elegans_C9B        0.0605021 0.0607128 0.0605566 0.0604413 0.0000000 0.0164901 0.0269866 0.0602500 0.2331834 0.2302732 0.2368590 0.2525607 
Pituophis_catenifer_C9B    0.0547529 0.0542667 0.0520993 0.0604212 0.0164901 0.0000000 0.0242227 0.0609198 0.2385799 0.2356596 0.2411547 0.2617105 
Pantherophis_obsoletus_C9B 0.0571826 0.0559214 0.0572325 0.0623483 0.0269866 0.0242227 0.0000000 0.0677950 0.2433181 0.2413559 0.2473804 0.2656322 
Hemorrhois_hippocrepis_C9B 0.0821783 0.0778638 0.0776395 0.0680393 0.0602500 0.0609198 0.0677950 0.0000000 0.2554095 0.2523834 0.2547266 0.2712850 
Arizona_elegans_C9C        0.2606679 0.2555442 0.2542806 0.2521198 0.2331834 0.2385799 0.2433181 0.2554095 0.0000000 0.0128204 0.0194604 0.0548522 
Pantherophis_obsoletus_C9C 0.2576480 0.2513898 0.2512831 0.2468803 0.2302732 0.2356596 0.2413559 0.2523834 0.0128204 0.0000000 0.0122381 0.0480214 
Pituophis_catenifer_C9C    0.2658846 0.2595166 0.2594047 0.2549384 0.2368590 0.2411547 0.2473804 0.2547266 0.0194604 0.0122381 0.0000000 0.0528596 
Hemorrhois_hippocrepis_C9C 0.2792426 0.2693748 0.2750795 0.2726611 0.2525607 0.2617105 0.2656322 0.2712850 0.0548522 0.0480214 0.0528596 0.0000000 
