42
Naja_naja_C9A                    0.0000000 0.1287892 0.3314309 0.2832370 0.2813232 0.1241655 0.1239863 0.1276394 0.1239925 0.1527575 0.1274357 0.1318349 0.1378824 0.1334700 0.1356166 0.1299340 0.1457061 0.1487794 0.1496071 0.1471344 0.1471344 0.1509562 0.1576776 0.1609244 0.0994532 0.0969766 0.0954248 0.0922873 0.0995253 0.1701041 0.2796674 0.2718837 0.2705334 0.2712737 0.2693831 0.2745553 0.2730293 0.2655660 0.2521558 0.2509839 0.2600126 0.2568603 
Laticauda_colubrina_C9B          0.1287892 0.0000000 0.2981250 0.2388421 0.2414852 0.1441664 0.1435443 0.1412807 0.1364612 0.1494541 0.1435041 0.1427314 0.1540930 0.1402953 0.1501396 0.1429394 0.1571912 0.1688135 0.1671275 0.1663028 0.1663028 0.1766553 0.1768445 0.1781987 0.1084708 0.0815366 0.0793373 0.0741670 0.0846679 0.1847682 0.2084814 0.2109687 0.2117872 0.2109040 0.2091925 0.2227618 0.2183237 0.2291126 0.2372190 0.2381330 0.2487430 0.2476710 
Thamnophis_elegans_C9B           0.3314309 0.2981250 0.0000000 0.1569976 0.1483815 0.3114182 0.3103537 0.3122416 0.3107516 0.3040945 0.2946529 0.2924725 0.3085874 0.3013276 0.3193391 0.2857514 0.2873296 0.3031880 0.3030358 0.2985183 0.2985183 0.3177170 0.3074690 0.3165991 0.3373639 0.3004674 0.2990137 0.3055595 0.3121202 0.3171654 0.1668375 0.1669139 0.1662475 0.1638942 0.1640817 0.1662430 0.1702090 0.1745051 0.2020950 0.2024781 0.2032274 0.2089426 
Masticophis_lateralis_C9B        0.2832370 0.2388421 0.1569976 0.0000000 0.0461842 0.2482014 0.2474779 0.2451799 0.2433860 0.2401973 0.2331885 0.2318562 0.2345142 0.2399546 0.2596393 0.2385071 0.2159513 0.2406919 0.2345491 0.2325864 0.2325864 0.2347951 0.2384061 0.2441588 0.2887697 0.2657682 0.2644372 0.2687680 0.2633119 0.2800863 0.1001944 0.1031374 0.1018622 0.0996693 0.1012895 0.1051894 0.1078806 0.1019974 0.1353101 0.1371943 0.1427195 0.1469363 
Ptyas_mucosa_C9B                 0.2813232 0.2414852 0.1483815 0.0461842 0.0000000 0.2478609 0.2491808 0.2448554 0.2460849 0.2433715 0.2386458 0.2337301 0.2470993 0.2461853 0.2595402 0.2434392 0.2245508 0.2417412 0.2366530 0.2346913 0.2346913 0.2361284 0.2445231 0.2488614 0.2862155 0.2604066 0.2590951 0.2655426 0.2562963 0.2835276 0.1071972 0.1073042 0.1044556 0.1038349 0.1054673 0.1070277 0.1112230 0.1061953 0.1418881 0.1438054 0.1450726 0.1500664 
Arizona_elegans_C9A              0.1241655 0.1441664 0.3114182 0.2482014 0.2478609 0.0000000 0.0163914 0.0158054 0.0480568 0.0797536 0.0539254 0.0594354 0.0563668 0.0584015 0.0619479 0.0995283 0.0863538 0.1206077 0.1196574 0.1173538 0.1173538 0.1246605 0.1262345 0.1297794 0.1276831 0.1161674 0.1145303 0.1054604 0.1119142 0.1251864 0.2631111 0.2524856 0.2566616 0.2529611 0.2511319 0.2664784 0.2578181 0.2532973 0.2379478 0.2368175 0.2416614 0.2418356 
Pantherophis_obsoletus_C9A       0.1239863 0.1435443 0.3103537 0.2474779 0.2491808 0.0163914 0.0000000 0.0110458 0.0454618 0.0754315 0.0513328 0.0594537 0.0564260 0.0549572 0.0599486 0.0988723 0.0876441 0.1215824 0.1213584 0.1174870 0.1174870 0.1240009 0.1256659 0.1276044 0.1235848 0.1145727 0.1129420 0.1039664 0.1082224 0.1275593 0.2591987 0.2518787 0.2560436 0.2491441 0.2473259 0.2583072 0.2573706 0.2445013 0.2328626 0.2317469 0.2403886 0.2405661 
Pituophis_catenifer_C9A          0.1276394 0.1412807 0.3122416 0.2451799 0.2448554 0.0158054 0.0110458 0.0000000 0.0448381 0.0756734 0.0534594 0.0596300 0.0551412 0.0535986 0.0607011 0.1005439 0.0864599 0.1225461 0.1207501 0.1184365 0.1184365 0.1233876 0.1266491 0.1302081 0.1240137 0.1133413 0.1117112 0.1033561 0.1060971 0.1269442 0.2576966 0.2482685 0.2524208 0.2476535 0.2458350 0.2589648 0.2525863 0.2429300 0.2350010 0.2338766 0.2425857 0.2427569 
Hemorrhois_hippocrepis_C9A       0.1239925 0.1364612 0.3107516 0.2433860 0.2460849 0.0480568 0.0454618 0.0448381 0.0000000 0.0661532 0.0592336 0.0592925 0.0611455 0.0447917 0.0526592 0.0948144 0.0782331 0.1232071 0.1230686 0.1207584 0.1207584 0.1234461 0.1295629 0.1299673 0.1197523 0.1063774 0.1047844 0.1013217 0.1068581 0.1235423 0.2580827 0.2474545 0.2494600 0.2479144 0.2461124 0.2540965 0.2560734 0.2351144 0.2333518 0.2322412 0.2369933 0.2381484 
Hemorrhois_hippocrepis_C9B       0.1527575 0.1494541 0.3040945 0.2401973 0.2433715 0.0797536 0.0754315 0.0756734 0.0661532 0.0000000 0.0595186 0.0588628 0.0661901 0.0748567 0.0854032 0.1054929 0.1166508 0.1312151 0.1293622 0.1285963 0.1285963 0.1334678 0.1328023 0.1338035 0.1358443 0.1184490 0.1168029 0.1143133 0.1236012 0.1454020 0.2513436 0.2360505 0.2428278 0.2412786 0.2405049 0.2485916 0.2464830 0.2335760 0.2311805 0.2320823 0.2373138 0.2389192 
Pituophis_catenifer_C9B          0.1274357 0.1435041 0.2946529 0.2331885 0.2386458 0.0539254 0.0513328 0.0534594 0.0592336 0.0595186 0.0000000 0.0163819 0.0240377 0.0696628 0.0690408 0.0923413 0.0925876 0.1117320 0.1115318 0.1092846 0.1092846 0.1178651 0.1201747 0.1205159 0.1234950 0.1081330 0.1065411 0.1016086 0.1088473 0.1266094 0.2384067 0.2256084 0.2302279 0.2307255 0.2289683 0.2345723 0.2359383 0.2247554 0.2216658 0.2205867 0.2255390 0.2252051 
Arizona_elegans_C9B              0.1318349 0.1427314 0.2924725 0.2318562 0.2337301 0.0594354 0.0594537 0.0596300 0.0592925 0.0588628 0.0163819 0.0000000 0.0267537 0.0690040 0.0675558 0.0917340 0.0928562 0.1107534 0.1105557 0.1083170 0.1083170 0.1153366 0.1208894 0.1212329 0.1260767 0.1073981 0.1058088 0.1016783 0.1099393 0.1218637 0.2375143 0.2247385 0.2293512 0.2298464 0.2280905 0.2328352 0.2350596 0.2222400 0.2151283 0.2140617 0.2170671 0.2167503 
Pantherophis_obsoletus_C9B       0.1378824 0.1540930 0.3085874 0.2345142 0.2470993 0.0563668 0.0564260 0.0551412 0.0611455 0.0661901 0.0240377 0.0267537 0.0000000 0.0721460 0.0735168 0.0970523 0.0925279 0.1183149 0.1121506 0.1105063 0.1105063 0.1260837 0.1233815 0.1246752 0.1272051 0.1106929 0.1089249 0.1040595 0.1129127 0.1272814 0.2467703 0.2390166 0.2411931 0.2417773 0.2396186 0.2422414 0.2441522 0.2282362 0.2304990 0.2292847 0.2316457 0.2351671 
Ptyas_mucosa_C9A                 0.1334700 0.1402953 0.3013276 0.2399546 0.2461853 0.0584015 0.0549572 0.0535986 0.0447917 0.0748567 0.0696628 0.0690040 0.0721460 0.0000000 0.0567029 0.0986941 0.0910015 0.1264321 0.1261983 0.1238756 0.1238756 0.1265147 0.1312921 0.1317033 0.1208089 0.1141711 0.1125473 0.1074484 0.1110361 0.1295128 0.2600198 0.2446146 0.2503407 0.2477079 0.2458953 0.2589095 0.2600978 0.2429724 0.2346877 0.2351529 0.2409927 0.2421439 
Masticophis_lateralis_C9A        0.1356166 0.1501396 0.3193391 0.2596393 0.2595402 0.0619479 0.0599486 0.0607011 0.0526592 0.0854032 0.0690408 0.0675558 0.0735168 0.0567029 0.0000000 0.1085035 0.1014393 0.1312215 0.1332905 0.1309255 0.1309255 0.1341801 0.1390006 0.1417935 0.1294465 0.1210557 0.1178238 0.1157304 0.1225249 0.1281137 0.2758501 0.2609151 0.2647179 0.2609992 0.2591583 0.2747383 0.2702310 0.2522331 0.2466438 0.2454939 0.2554274 0.2533651 
Malpolon_monspessulanus_C9A      0.1299340 0.1429394 0.2857514 0.2385071 0.2434392 0.0995283 0.0988723 0.1005439 0.0948144 0.1054929 0.0923413 0.0917340 0.0970523 0.0986941 0.1085035 0.0000000 0.1120372 0.1246484 0.1176720 0.1169290 0.1169290 0.1290108 0.1233700 0.1261162 0.1183744 0.1016629 0.0993481 0.0995408 0.1035749 0.1404017 0.2386248 0.2334459 0.2374822 0.2378481 0.2360640 0.2449048 0.2398289 0.2229701 0.2218151 0.2242368 0.2297634 0.2309355 
Chrysopelea_ornata_C9A           0.1457061 0.1571912 0.2873296 0.2159513 0.2245508 0.0863538 0.0876441 0.0864599 0.0782331 0.1166508 0.0925876 0.0928562 0.0925279 0.0910015 0.1014393 0.1120372 0.0000000 0.1461805 0.1328739 0.1321025 0.1321025 0.1441389 0.1450036 0.1491076 0.1441575 0.1317636 0.1300595 0.1280362 0.1308138 0.1311909 0.2414544 0.2364528 0.2362798 0.2388576 0.2380900 0.2438095 0.2428435 0.2330776 0.2237589 0.2226671 0.2317823 0.2337804 
Bothrops_jararaca_C9A            0.1487794 0.1688135 0.3031880 0.2406919 0.2417412 0.1206077 0.1215824 0.1225461 0.1232071 0.1312151 0.1117320 0.1107534 0.1183149 0.1264321 0.1312215 0.1246484 0.1461805 0.0000000 0.0193620 0.0175646 0.0175646 0.0311728 0.0486159 0.0467794 0.1622185 0.1448844 0.1431294 0.1344064 0.1470988 0.1610101 0.2427958 0.2355348 0.2364363 0.2310012 0.2312779 0.2393107 0.2447122 0.2398892 0.2047118 0.2028646 0.2150456 0.2112702 
Crotalus_adamanteus_C9A          0.1496071 0.1671275 0.3030358 0.2345491 0.2366530 0.1196574 0.1213584 0.1207501 0.1230686 0.1293622 0.1115318 0.1105557 0.1121506 0.1261983 0.1332905 0.1176720 0.1328739 0.0193620 0.0000000 0.0040198 0.0040198 0.0286220 0.0485150 0.0486321 0.1593796 0.1397457 0.1396185 0.1293998 0.1403010 0.1571683 0.2341700 0.2299546 0.2308504 0.2315688 0.2318457 0.2382163 0.2370042 0.2362896 0.1949183 0.1949712 0.2088199 0.2051119 
Crotalus_tigris_C9A              0.1471344 0.1663028 0.2985183 0.2325864 0.2346913 0.1173538 0.1174870 0.1184365 0.1207584 0.1285963 0.1092846 0.1083170 0.1105063 0.1238756 0.1309255 0.1169290 0.1321025 0.0175646 0.0040198 0.0000000 0.0000010 0.0280068 0.0491692 0.0479917 0.1568701 0.1405738 0.1388378 0.1302086 0.1411288 0.1529828 0.2321974 0.2280085 0.2289030 0.2275761 0.2278482 0.2341767 0.2362444 0.2322891 0.1940402 0.1922251 0.2059841 0.2023030 
Bothrops_jararaca_C9B            0.1471344 0.1663028 0.2985183 0.2325864 0.2346913 0.1173538 0.1174870 0.1184365 0.1207584 0.1285963 0.1092846 0.1083170 0.1105063 0.1238756 0.1309255 0.1169290 0.1321025 0.0175646 0.0040198 0.0000010 0.0000000 0.0280068 0.0491692 0.0479917 0.1568701 0.1405738 0.1388378 0.1302086 0.1411288 0.1529828 0.2321974 0.2280085 0.2289030 0.2275761 0.2278482 0.2341767 0.2362444 0.2322891 0.1940402 0.1922251 0.2059841 0.2023030 
Protobothrops_mucrosquamatus_C9A 0.1509562 0.1766553 0.3177170 0.2347951 0.2361284 0.1246605 0.1240009 0.1233876 0.1234461 0.1334678 0.1178651 0.1153366 0.1260837 0.1265147 0.1341801 0.1290108 0.1441389 0.0311728 0.0286220 0.0280068 0.0280068 0.0000000 0.0594898 0.0542298 0.1638946 0.1517203 0.1499275 0.1411018 0.1499364 0.1665356 0.2470817 0.2396869 0.2394417 0.2340131 0.2342956 0.2448320 0.2477394 0.2408005 0.2039995 0.2021443 0.2193265 0.2146056 
Vipera_berus_C9A                 0.1576776 0.1768445 0.3074690 0.2384061 0.2445231 0.1262345 0.1256659 0.1266491 0.1295629 0.1328023 0.1201747 0.1208894 0.1233815 0.1312921 0.1390006 0.1233700 0.1450036 0.0486159 0.0485150 0.0491692 0.0491692 0.0594898 0.0000000 0.0182249 0.1646632 0.1529817 0.1511888 0.1415486 0.1519735 0.1639646 0.2452043 0.2399650 0.2408707 0.2395483 0.2398355 0.2484185 0.2475807 0.2436299 0.1935263 0.1943814 0.2109765 0.2101188 
Vipera_seoanei_C9A               0.1609244 0.1781987 0.3165991 0.2441588 0.2488614 0.1297794 0.1276044 0.1302081 0.1299673 0.1338035 0.1205159 0.1212329 0.1246752 0.1317033 0.1417935 0.1261162 0.1491076 0.0467794 0.0486321 0.0479917 0.0479917 0.0542298 0.0182249 0.0000000 0.1642488 0.1507659 0.1489778 0.1418256 0.1511158 0.1687725 0.2500460 0.2426300 0.2435397 0.2422160 0.2425071 0.2490287 0.2544484 0.2423390 0.2064931 0.2073610 0.2181730 0.2155764 
Bungarus_multicinctus_C9A        0.0994532 0.1084708 0.3373639 0.2887697 0.2862155 0.1276831 0.1235848 0.1240137 0.1197523 0.1358443 0.1234950 0.1260767 0.1272051 0.1208089 0.1294465 0.1183744 0.1441575 0.1622185 0.1593796 0.1568701 0.1568701 0.1638946 0.1646632 0.1642488 0.0000000 0.0730089 0.0708744 0.0652386 0.0726397 0.1662082 0.2871618 0.2801876 0.2800687 0.2806006 0.2787009 0.2859843 0.2792513 0.2763757 0.2704687 0.2670853 0.2731609 0.2722386 
Hydrophis_cyanocinctus_C9A       0.0969766 0.0815366 0.3004674 0.2657682 0.2604066 0.1161674 0.1145727 0.1133413 0.1063774 0.1184490 0.1081330 0.1073981 0.1106929 0.1141711 0.1210557 0.1016629 0.1317636 0.1448844 0.1397457 0.1405738 0.1405738 0.1517203 0.1529817 0.1507659 0.0730089 0.0000000 0.0028659 0.0218314 0.0428258 0.1437612 0.2599805 0.2493176 0.2487855 0.2492705 0.2474706 0.2599974 0.2510546 0.2563979 0.2460966 0.2470124 0.2567940 0.2547325 
Hydrophis_major_C9A              0.0954248 0.0793373 0.2990137 0.2644372 0.2590951 0.1145303 0.1129420 0.1117112 0.1047844 0.1168029 0.1065411 0.1058088 0.1089249 0.1125473 0.1178238 0.0993481 0.1300595 0.1431294 0.1396185 0.1388378 0.1388378 0.1499275 0.1511888 0.1489778 0.0708744 0.0028659 0.0000000 0.0212097 0.0421485 0.1395158 0.2586638 0.2480392 0.2475115 0.2479928 0.2461969 0.2586848 0.2506379 0.2551098 0.2438421 0.2447548 0.2544834 0.2524390 
Notechis_scutatus_C9A            0.0922873 0.0741670 0.3055595 0.2687680 0.2655426 0.1054604 0.1039664 0.1033561 0.1013217 0.1143133 0.1016086 0.1016783 0.1040595 0.1074484 0.1157304 0.0995408 0.1280362 0.1344064 0.1293998 0.1302086 0.1302086 0.1411018 0.1415486 0.1418256 0.0652386 0.0218314 0.0212097 0.0000000 0.0349725 0.1380179 0.2601240 0.2494110 0.2493873 0.2540462 0.2522259 0.2590881 0.2508038 0.2596526 0.2479570 0.2488809 0.2573926 0.2553078 
Pseudonaja_textilis_C9A          0.0995253 0.0846679 0.3121202 0.2633119 0.2562963 0.1119142 0.1082224 0.1060971 0.1068581 0.1236012 0.1088473 0.1099393 0.1129127 0.1110361 0.1225249 0.1035749 0.1308138 0.1470988 0.1403010 0.1411288 0.1411288 0.1499364 0.1519735 0.1511158 0.0726397 0.0428258 0.0421485 0.0349725 0.0000000 0.1475950 0.2593469 0.2528520 0.2537012 0.2553920 0.2535619 0.2585271 0.2510862 0.2550173 0.2440550 0.2449750 0.2565283 0.2544496 
Thamnophis_elegans_C9A           0.1701041 0.1847682 0.3171654 0.2800863 0.2835276 0.1251864 0.1275593 0.1269442 0.1235423 0.1454020 0.1266094 0.1218637 0.1272814 0.1295128 0.1281137 0.1404017 0.1311909 0.1610101 0.1571683 0.1529828 0.1529828 0.1665356 0.1639646 0.1687725 0.1662082 0.1437612 0.1395158 0.1380179 0.1475950 0.0000000 0.2946731 0.2819050 0.2828635 0.2812370 0.2793165 0.2995610 0.2945898 0.2748883 0.2681862 0.2669741 0.2665075 0.2692206 
Laticauda_colubrina_C9A          0.2796674 0.2084814 0.1668375 0.1001944 0.1071972 0.2631111 0.2591987 0.2576966 0.2580827 0.2513436 0.2384067 0.2375143 0.2467703 0.2600198 0.2758501 0.2386248 0.2414544 0.2427958 0.2341700 0.2321974 0.2321974 0.2470817 0.2452043 0.2500460 0.2871618 0.2599805 0.2586638 0.2601240 0.2593469 0.2946731 0.0000000 0.0243310 0.0237031 0.0267830 0.0274144 0.0349793 0.0413320 0.0875965 0.1318763 0.1326383 0.1432485 0.1449527 
Pseudonaja_textilis_C9B          0.2718837 0.2109687 0.1669139 0.1031374 0.1073042 0.2524856 0.2518787 0.2482685 0.2474545 0.2360505 0.2256084 0.2247385 0.2390166 0.2446146 0.2609151 0.2334459 0.2364528 0.2355348 0.2299546 0.2280085 0.2280085 0.2396869 0.2399650 0.2426300 0.2801876 0.2493176 0.2480392 0.2494110 0.2528520 0.2819050 0.0243310 0.0000000 0.0139992 0.0206067 0.0224314 0.0329267 0.0392097 0.0828446 0.1293103 0.1268784 0.1378544 0.1389920 
Notechis_scutatus_C9B            0.2705334 0.2117872 0.1662475 0.1018622 0.1044556 0.2566616 0.2560436 0.2524208 0.2494600 0.2428278 0.2302279 0.2293512 0.2411931 0.2503407 0.2647179 0.2374822 0.2362798 0.2364363 0.2308504 0.2289030 0.2289030 0.2394417 0.2408707 0.2435397 0.2800687 0.2487855 0.2475115 0.2493873 0.2537012 0.2828635 0.0237031 0.0139992 0.0000000 0.0175312 0.0193344 0.0329666 0.0392643 0.0815618 0.1253446 0.1244971 0.1364436 0.1364724 
Hydrophis_cyanocinctus_C9B       0.2712737 0.2109040 0.1638942 0.0996693 0.1038349 0.2529611 0.2491441 0.2476535 0.2479144 0.2412786 0.2307255 0.2298464 0.2417773 0.2477079 0.2609992 0.2378481 0.2388576 0.2310012 0.2315688 0.2275761 0.2275761 0.2340131 0.2395483 0.2422160 0.2806006 0.2492705 0.2479928 0.2540462 0.2553920 0.2812370 0.0267830 0.0206067 0.0175312 0.0000000 0.0028649 0.0386458 0.0450341 0.0772445 0.1295576 0.1287004 0.1391609 0.1383553 
Hydrophis_major_C9B              0.2693831 0.2091925 0.1640817 0.1012895 0.1054673 0.2511319 0.2473259 0.2458350 0.2461124 0.2405049 0.2289683 0.2280905 0.2396186 0.2458953 0.2591583 0.2360640 0.2380900 0.2312779 0.2318457 0.2278482 0.2278482 0.2342956 0.2398355 0.2425071 0.2787009 0.2474706 0.2461969 0.2522259 0.2535619 0.2793165 0.0274144 0.0224314 0.0193344 0.0028649 0.0000000 0.0405647 0.0469844 0.0793958 0.1297005 0.1288422 0.1409704 0.1401615 
Naja_naja_C9B                    0.2745553 0.2227618 0.1662430 0.1051894 0.1070277 0.2664784 0.2583072 0.2589648 0.2540965 0.2485916 0.2345723 0.2328352 0.2422414 0.2589095 0.2747383 0.2449048 0.2438095 0.2393107 0.2382163 0.2341767 0.2341767 0.2448320 0.2484185 0.2490287 0.2859843 0.2599974 0.2586848 0.2590881 0.2585271 0.2995610 0.0349793 0.0329267 0.0329666 0.0386458 0.0405647 0.0000000 0.0355323 0.0802575 0.1298382 0.1289786 0.1363005 0.1394148 
Bungarus_multicinctus_C9B        0.2730293 0.2183237 0.1702090 0.1078806 0.1112230 0.2578181 0.2573706 0.2525863 0.2560734 0.2464830 0.2359383 0.2350596 0.2441522 0.2600978 0.2702310 0.2398289 0.2428435 0.2447122 0.2370042 0.2362444 0.2362444 0.2477394 0.2475807 0.2544484 0.2792513 0.2510546 0.2506379 0.2508038 0.2510862 0.2945898 0.0413320 0.0392097 0.0392643 0.0450341 0.0469844 0.0355323 0.0000000 0.0899274 0.1350712 0.1358321 0.1421058 0.1428687 
Malpolon_monspessulanus_C9B      0.2655660 0.2291126 0.1745051 0.1019974 0.1061953 0.2532973 0.2445013 0.2429300 0.2351144 0.2335760 0.2247554 0.2222400 0.2282362 0.2429724 0.2522331 0.2229701 0.2330776 0.2398892 0.2362896 0.2322891 0.2322891 0.2408005 0.2436299 0.2423390 0.2763757 0.2563979 0.2551098 0.2596526 0.2550173 0.2748883 0.0875965 0.0828446 0.0815618 0.0772445 0.0793958 0.0802575 0.0899274 0.0000000 0.1447715 0.1431456 0.1461456 0.1453278 
Vipera_seoanei_C9B               0.2521558 0.2372190 0.2020950 0.1353101 0.1418881 0.2379478 0.2328626 0.2350010 0.2333518 0.2311805 0.2216658 0.2151283 0.2304990 0.2346877 0.2466438 0.2218151 0.2237589 0.2047118 0.1949183 0.1940402 0.1940402 0.2039995 0.1935263 0.2064931 0.2704687 0.2460966 0.2438421 0.2479570 0.2440550 0.2681862 0.1318763 0.1293103 0.1253446 0.1295576 0.1297005 0.1298382 0.1350712 0.1447715 0.0000000 0.0046102 0.0410859 0.0435987 
Vipera_berus_C9B                 0.2509839 0.2381330 0.2024781 0.1371943 0.1438054 0.2368175 0.2317469 0.2338766 0.2322412 0.2320823 0.2205867 0.2140617 0.2292847 0.2351529 0.2454939 0.2242368 0.2226671 0.2028646 0.1949712 0.1922251 0.1922251 0.2021443 0.1943814 0.2073610 0.2670853 0.2470124 0.2447548 0.2488809 0.2449750 0.2669741 0.1326383 0.1268784 0.1244971 0.1287004 0.1288422 0.1289786 0.1358321 0.1431456 0.0046102 0.0000000 0.0398092 0.0423172 
Crotalus_adamanteus_C9B          0.2600126 0.2487430 0.2032274 0.1427195 0.1450726 0.2416614 0.2403886 0.2425857 0.2369933 0.2373138 0.2255390 0.2170671 0.2316457 0.2409927 0.2554274 0.2297634 0.2317823 0.2150456 0.2088199 0.2059841 0.2059841 0.2193265 0.2109765 0.2181730 0.2731609 0.2567940 0.2544834 0.2573926 0.2565283 0.2665075 0.1432485 0.1378544 0.1364436 0.1391609 0.1409704 0.1363005 0.1421058 0.1461456 0.0410859 0.0398092 0.0000000 0.0213118 
Crotalus_tigris_C9B              0.2568603 0.2476710 0.2089426 0.1469363 0.1500664 0.2418356 0.2405661 0.2427569 0.2381484 0.2389192 0.2252051 0.2167503 0.2351671 0.2421439 0.2533651 0.2309355 0.2337804 0.2112702 0.2051119 0.2023030 0.2023030 0.2146056 0.2101188 0.2155764 0.2722386 0.2547325 0.2524390 0.2553078 0.2544496 0.2692206 0.1449527 0.1389920 0.1364724 0.1383553 0.1401615 0.1394148 0.1428687 0.1453278 0.0435987 0.0423172 0.0213118 0.0000000 
