25
Arizona_elegans_C9A              0.0000000 0.0163908 0.0158012 0.0479999 0.0618120 0.0583151 0.0992401 0.0860501 0.1271039 0.1158348 0.1141802 0.1051679 0.1116214 0.1233602 0.1200030 0.1191407 0.1168339 0.1239777 0.1290662 0.1255909 0.1901080 0.1246797 0.2065271 0.2174411 0.2595991 
Pantherophis_obsoletus_C9A       0.0163908 0.0000000 0.0110441 0.0454188 0.0598330 0.0548985 0.0985632 0.0873535 0.1231099 0.1142204 0.1125733 0.1036830 0.1079240 0.1231997 0.1209957 0.1208312 0.1169827 0.1233492 0.1269251 0.1250255 0.1956943 0.1270844 0.2105005 0.2195841 0.2559125 
Pituophis_catenifer_C9A          0.0158012 0.0110441 0.0000000 0.0447979 0.0605674 0.0535439 0.1002072 0.0861593 0.1234981 0.1129546 0.1113089 0.1030633 0.1057742 0.1267437 0.1219225 0.1202136 0.1178970 0.1227270 0.1294581 0.1259701 0.1927966 0.1264594 0.2065258 0.2136062 0.2542605 
Hemorrhois_hippocrepis_C9A       0.0479999 0.0454188 0.0447979 0.0000000 0.0526255 0.0447722 0.0945662 0.0780266 0.1192763 0.1060917 0.1044839 0.1010470 0.1066110 0.1233138 0.1226743 0.1225692 0.1202550 0.1228370 0.1293581 0.1290557 0.1922433 0.1231995 0.2063220 0.2196641 0.2550534 
Masticophis_lateralis_C9A        0.0618120 0.0598330 0.0605674 0.0526255 0.0000000 0.0566615 0.1080981 0.1011034 0.1288611 0.1207366 0.1175098 0.1154610 0.1222053 0.1348110 0.1304991 0.1326177 0.1302500 0.1334661 0.1408873 0.1381779 0.2038937 0.1276982 0.2167023 0.2283892 0.2724870 
Ptyas_mucosa_C9A                 0.0583151 0.0548985 0.0535439 0.0447722 0.0566615 0.0000000 0.0984125 0.0907961 0.1203554 0.1138943 0.1122530 0.1072376 0.1108007 0.1327245 0.1258546 0.1256829 0.1233559 0.1259139 0.1310942 0.1307868 0.1895862 0.1292015 0.2066409 0.2171050 0.2569276 
Malpolon_monspessulanus_C9A      0.0992401 0.0985632 0.1002072 0.0945662 0.1080981 0.0984125 0.0000000 0.1116331 0.1179112 0.1014700 0.0991492 0.0993747 0.1033564 0.1292104 0.1240529 0.1171970 0.1164252 0.1283165 0.1255871 0.1229336 0.1829825 0.1400151 0.1891637 0.2102666 0.2358339 
Chrysopelea_ornata_C9A           0.0860501 0.0873535 0.0861593 0.0780266 0.1011034 0.0907961 0.1116331 0.0000000 0.1434758 0.1313646 0.1296393 0.1276250 0.1303525 0.1446668 0.1453353 0.1322573 0.1314520 0.1431947 0.1482388 0.1442938 0.1949690 0.1307245 0.2175764 0.2341289 0.2386738 
Bungarus_multicinctus_C9A        0.1271039 0.1231099 0.1234981 0.1192763 0.1288611 0.1203554 0.1179112 0.1434758 0.0000000 0.0729019 0.0707649 0.0651532 0.0725080 0.0989920 0.1611770 0.1584215 0.1559083 0.1627730 0.1632756 0.1638379 0.2289150 0.1656466 0.2370171 0.2481278 0.2830729 
Hydrophis_cyanocinctus_C9A       0.1158348 0.1142204 0.1129546 0.1060917 0.1207366 0.1138943 0.1014700 0.1313646 0.0729019 0.0000000 0.0028696 0.0218470 0.0428110 0.0965733 0.1443058 0.1392249 0.1400374 0.1510711 0.1502453 0.1525283 0.2088729 0.1435083 0.2179458 0.2292017 0.2572195 
Hydrophis_major_C9A              0.1141802 0.1125733 0.1113089 0.1044839 0.1175098 0.1122530 0.0991492 0.1296393 0.0707649 0.0028696 0.0000000 0.0212263 0.0421368 0.0950115 0.1425277 0.1390972 0.1382791 0.1492539 0.1484312 0.1507074 0.2075984 0.1392753 0.2167120 0.2279202 0.2558230 
Notechis_scutatus_C9A            0.1051679 0.1036830 0.1030633 0.1010470 0.1154610 0.1072376 0.0993747 0.1276250 0.0651532 0.0218470 0.0212263 0.0000000 0.0349880 0.0919027 0.1339015 0.1289486 0.1297429 0.1405008 0.1413127 0.1411390 0.2019970 0.1377437 0.2166513 0.2227675 0.2572049 
Pseudonaja_textilis_C9A          0.1116214 0.1079240 0.1057742 0.1066110 0.1222053 0.1108007 0.1033564 0.1303525 0.0725080 0.0428110 0.0421368 0.0349880 0.0000000 0.0990485 0.1464572 0.1397516 0.1405633 0.1492353 0.1504927 0.1514252 0.2062907 0.1473113 0.2147728 0.2227448 0.2563203 
Naja_naja_C9A                    0.1233602 0.1231997 0.1267437 0.1233138 0.1348110 0.1327245 0.1292104 0.1446668 0.0989920 0.0965733 0.0950115 0.0919027 0.0990485 0.0000000 0.1477548 0.1485964 0.1461230 0.1498682 0.1598003 0.1567024 0.2414176 0.1691404 0.2428477 0.2580378 0.2755719 
Bothrops_jararaca_C9A            0.1200030 0.1209957 0.1219225 0.1226743 0.1304991 0.1258546 0.1240529 0.1453353 0.1611770 0.1443058 0.1425277 0.1339015 0.1464572 0.1477548 0.0000000 0.0193483 0.0175552 0.0311507 0.0467085 0.0485475 0.1734485 0.1603466 0.1742373 0.1869734 0.2402048 
Crotalus_adamanteus_C9A          0.1191407 0.1208312 0.1202136 0.1225692 0.1326177 0.1256829 0.1171970 0.1322573 0.1584215 0.1392249 0.1390972 0.1289486 0.1397516 0.1485964 0.0193483 0.0000000 0.0040201 0.0286098 0.0485766 0.0484747 0.1744023 0.1566329 0.1722280 0.1848812 0.2318384 
Crotalus_tigris_C9A              0.1168339 0.1169827 0.1178970 0.1202550 0.1302500 0.1233559 0.1164252 0.1314520 0.1559083 0.1400374 0.1382791 0.1297429 0.1405633 0.1461230 0.0175552 0.0040201 0.0000000 0.0279963 0.0479261 0.0491245 0.1717968 0.1524093 0.1696032 0.1821720 0.2298267 
Protobothrops_mucrosquamatus_C9A 0.1239777 0.1233492 0.1227270 0.1228370 0.1334661 0.1259139 0.1283165 0.1431947 0.1627730 0.1510711 0.1492539 0.1405008 0.1492353 0.1498682 0.0311507 0.0286098 0.0279963 0.0000000 0.0541395 0.0593987 0.1831369 0.1656970 0.1814936 0.1945336 0.2442792 
Vipera_seoanei_C9A               0.1290662 0.1269251 0.1294581 0.1293581 0.1408873 0.1310942 0.1255871 0.1482388 0.1632756 0.1502453 0.1484312 0.1413127 0.1504927 0.1598003 0.0467085 0.0485766 0.0479261 0.0541395 0.0000000 0.0182231 0.1797255 0.1679168 0.1846637 0.1969427 0.2472358 
Vipera_berus_C9A                 0.1255909 0.1250255 0.1259701 0.1290557 0.1381779 0.1307868 0.1229336 0.1442938 0.1638379 0.1525283 0.1507074 0.1411390 0.1514252 0.1567024 0.0485475 0.0484747 0.0491245 0.0593987 0.0182231 0.0000000 0.1870920 0.1632444 0.1844258 0.1967898 0.2426733 
Candoia_aspera_C9A               0.1901080 0.1956943 0.1927966 0.1922433 0.2038937 0.1895862 0.1829825 0.1949690 0.2289150 0.2088729 0.2075984 0.2019970 0.2062907 0.2414176 0.1734485 0.1744023 0.1717968 0.1831369 0.1797255 0.1870920 0.0000000 0.2150469 0.1260015 0.1348328 0.2689273 
Thamnophis_elegans_C9A           0.1246797 0.1270844 0.1264594 0.1231995 0.1276982 0.1292015 0.1400151 0.1307245 0.1656466 0.1435083 0.1392753 0.1377437 0.1473113 0.1691404 0.1603466 0.1566329 0.1524093 0.1656970 0.1679168 0.1632444 0.2150469 0.0000000 0.2291595 0.2359279 0.2911805 
Python_bivittatus_C9A            0.2065271 0.2105005 0.2065258 0.2063220 0.2167023 0.2066409 0.1891637 0.2175764 0.2370171 0.2179458 0.2167120 0.2166513 0.2147728 0.2428477 0.1742373 0.1722280 0.1696032 0.1814936 0.1846637 0.1844258 0.1260015 0.2291595 0.0000000 0.0464899 0.2799336 
Liasis_olivaceus_C9A             0.2174411 0.2195841 0.2136062 0.2196641 0.2283892 0.2171050 0.2102666 0.2341289 0.2481278 0.2292017 0.2279202 0.2227675 0.2227448 0.2580378 0.1869734 0.1848812 0.1821720 0.1945336 0.1969427 0.1967898 0.1348328 0.2359279 0.0464899 0.0000000 0.2975810 
Laticauda_colubrina_C9A          0.2595991 0.2559125 0.2542605 0.2550534 0.2724870 0.2569276 0.2358339 0.2386738 0.2830729 0.2572195 0.2558230 0.2572049 0.2563203 0.2755719 0.2402048 0.2318384 0.2298267 0.2442792 0.2472358 0.2426733 0.2689273 0.2911805 0.2799336 0.2975810 0.0000000 
